2000 	 1024 	 10 	 250 	 0.0001 	 0.01 	 0.01 	 0.992000 	 0.972884 	 0.992000 	 3.0374 
2000 	 1024 	 10 	 250 	 0.0001 	 1 	 1 	 0.988400 	 0.959678 	 0.988400 	 333.8591 
2000 	 1024 	 10 	 250 	 0.0001 	 1 	 1 	 0.988400 	 0.959678 	 0.988400 	 229.6344 
2000 	 1024 	 10 	 250 	 0.0001 	 1.0 	 1 	 0.987200 	 115.5325 
2000 	 1024 	 10 	 250 	 0.0001 	 1.0 	 1 	 0.987200 	 243.2109 
2000 	 1024 	 10 	 250 	 0.0001 	 1 	 1 	 0.987200 	 0.955758 	 0.987200 	 244.0443 
2000 	 1024 	 10 	 250 	 0.0001 	 1.0 	 1 	 0.988400 	 121.3535 
2000 	 1024 	 10 	 250 	 0.0001 	 1.0 	 1 	 0.988400 	 247.5589 
2000 	 1024 	 10 	 250 	 0.0001 	 1.0 	 1 	 0.988000 	 365.3158 
2000 	 1024 	 10 	 250 	 0.0001 	 1.0 	 1 	 0.988400 	 490.0279 
2000 	 1024 	 10 	 250 	 0.0001 	 1 	 1 	 0.988400 	 0.960295 	 0.988400 	 490.7113 
2000 	 1024 	 10 	 250 	 0.0001 	 1.0 	 1 	 0.986800 	 110.9344 
2000 	 1024 	 10 	 250 	 0.0001 	 1.0 	 1 	 0.987200 	 248.5612 
2000 	 1024 	 10 	 250 	 0.0001 	 1.0 	 1 	 0.986000 	 393.8259 
2000 	 1024 	 10 	 250 	 0.0001 	 1.0 	 1 	 0.986000 	 551.4976 
2000 	 1024 	 10 	 250 	 0.0001 	 1 	 1 	 0.986000 	 0.957451 	 0.986000 	 552.6015 
2000 	 1024 	 10 	 250 	 0.0001 	 1.0 	 1 	 0.986400 	 109.9370 
2000 	 1024 	 10 	 250 	 0.0001 	 1.0 	 1 	 0.987200 	 258.1827 
2000 	 1024 	 10 	 250 	 0.0001 	 1.0 	 1 	 0.986000 	 383.2573 
2000 	 1024 	 10 	 250 	 0.0001 	 1.0 	 1 	 0.985600 	 502.6750 
2000 	 1024 	 10 	 250 	 0.0001 	 1 	 1 	 0.985600 	 0.956222 	 0.985600 	 503.4111 
2000 	 1024 	 10 	 250 	 0.0001 	 1.0 	 1 	 0.682400 	 106.5697 
2000 	 1024 	 10 	 250 	 0.0001 	 1.0 	 1 	 0.680800 	 217.6651 
2000 	 1024 	 10 	 250 	 0.0001 	 1.0 	 1 	 0.681600 	 331.6925 
2000 	 1024 	 10 	 250 	 0.0001 	 1.0 	 1 	 0.681600 	 439.7630 
2000 	 1024 	 10 	 250 	 0.0001 	 1 	 1 	 0.681600 	 0.651820 	 0.712400 	 440.3569 
2000 	 1024 	 10 	 250 	 0.0001 	 1.0 	 1 	 0.682400 	 109.8085 
2000 	 1024 	 10 	 250 	 0.0001 	 1.0 	 1 	 0.680800 	 219.5597 
2000 	 1024 	 10 	 250 	 0.0001 	 1.0 	 1 	 0.681600 	 395.4841 
2000 	 1024 	 10 	 250 	 0.0001 	 1.0 	 1 	 0.680800 	 620.3616 
2000 	 1024 	 10 	 250 	 0.0001 	 1.0 	 1 	 0.680800 	 834.9919 
2000 	 1024 	 10 	 250 	 0.0001 	 1.0 	 1 	 0.680400 	 1055.0147 
2000 	 1024 	 10 	 250 	 0.0001 	 1.0 	 1 	 0.681200 	 5679.8300 
2000 	 1024 	 10 	 250 	 0.0001 	 1.0 	 1 	 0.681600 	 5801.4792 
2000 	 1024 	 10 	 250 	 0.0001 	 1 	 1 	 0.681600 	 0.653708 	 0.714400 	 5802.3173 
2000 	 1024 	 10 	 250 	 0.0001 	 1.0 	 1 	 0.682400 	 124.0984 
2000 	 1024 	 10 	 250 	 0.0001 	 1.0 	 1 	 0.680800 	 242.1493 
2000 	 1024 	 10 	 250 	 0.0001 	 1.0 	 1 	 0.681600 	 432.4398 
2000 	 1024 	 10 	 250 	 0.0001 	 1.0 	 1 	 0.680800 	 565.6307 
2000 	 1024 	 10 	 250 	 0.0001 	 1.0 	 1 	 0.680800 	 721.4119 
2000 	 1024 	 10 	 250 	 0.0001 	 1.0 	 1 	 0.680400 	 839.4233 
2000 	 1024 	 10 	 250 	 0.0001 	 1.0 	 1 	 0.681200 	 971.4870 
2000 	 1024 	 10 	 250 	 0.0001 	 1.0 	 1 	 0.681600 	 1098.3212 
2000 	 1024 	 10 	 250 	 0.0001 	 1 	 1 	 0.681600 	 0.653708 	 0.714400 	 1098.9253 
2000 	 1024 	 10 	 250 	 0.0001 	 1.0 	 1 	 0.696000 	 110.9178 
2000 	 1024 	 10 	 250 	 0.0001 	 1.0 	 1 	 0.697200 	 228.6436 
2000 	 1024 	 10 	 250 	 0.0001 	 1.0 	 1 	 0.695200 	 339.6663 
2000 	 1024 	 10 	 250 	 0.0001 	 1.0 	 1 	 0.696400 	 459.9552 
2000 	 1024 	 10 	 250 	 0.0001 	 1.0 	 1 	 0.824400 	 124.8822 
2000 	 1024 	 10 	 250 	 0.0001 	 1.0 	 1 	 0.824000 	 240.8818 
2000 	 1024 	 10 	 250 	 0.0001 	 1.0 	 1 	 0.824400 	 106.2683 
